v3.0 hex words addressed
00: 57 65 6c 63 6f 6d 65 20 74 6f 20 55 6f 50 65 6f
10: 70 6c 65 2c 20 74 68 65 20 75 6e 69 76 65 72 73
20: 69 74 79 20 74 68 61 74 20 77 69 6c 6c 20 6d 61
30: 6b 65 20 79 6f 75 72 20 64 72 65 61 6d 73 20 63
40: 6f 6d 65 20 74 72 75 65 2e 0d 0a 0d 0a 42 65 20
50: 72 65 73 69 6c 69 65 6e 74 21 0d 0a 0d 0a 4d 61
60: 74 65 75 73 20 4f 6c 69 76 65 69 72 61 21 00 00
70: 00 00 00 00 00 00 00 00 00 00 00 00 00 00 00 00
80: 00 00 00 00 00 00 00 00 00 00 00 00 00 00 00 00
90: 00 00 00 00 00 00 00 00 00 00 00 00 00 00 00 00
a0: 00 00 00 00 00 00 00 00 00 00 00 00 00 00 00 00
b0: 00 00 00 00 00 00 00 00 00 00 00 00 00 00 00 00
c0: 00 00 00 00 00 00 00 00 00 00 00 00 00 00 00 00
d0: 00 00 00 00 00 00 00 00 00 00 00 00 00 00 00 00
e0: 00 00 00 00 00 00 00 00 00 00 00 00 00 00 00 00
f0: 00 00 00 00 00 00 00 00 00 00 00 00 00 00 00 00

